10 30
1 8 6
2 6 1
1 4 10
2 1 1
6 8 1
8 10 1
2 5 1
2 9 1
5 7 1
4 7 5
2 8 1
6 10 10
6 7 1
4 5 1
2 10 1
3 7 1
2 4 1
4 10 1
8 7 9
9 8 10
6 5 1
3 5 1
3 9 1
4 8 1
3 6 1
5 8 1
9 10 1
6 1 1
3 4 1
2 7 20
1 7
2

Output:
Part a:
20

Part b:
2 3 9 6 1 4 5 8 10 7 
2 3 9 6 1 4 5 8 7 10 
2 3 6 9 1 4 5 8 10 7 
2 3 6 9 1 4 5 8 7 10 
2 3 6 1 9 4 5 8 10 7 
2 3 6 1 9 4 5 8 7 10 
2 3 6 1 4 9 5 8 10 7 
2 3 6 1 4 9 5 8 7 10 
2 3 6 1 4 5 9 8 10 7 
2 3 6 1 4 5 9 8 7 10 
3 2 6 9 1 4 5 8 10 7 
3 2 6 9 1 4 5 8 7 10 
3 2 6 1 9 4 5 8 10 7 
3 2 6 1 9 4 5 8 7 10 
3 2 6 1 4 9 5 8 10 7 
3 2 6 1 4 9 5 8 7 10 
3 2 6 1 4 5 9 8 10 7 
3 2 6 1 4 5 9 8 7 10 
3 2 9 6 1 4 5 8 10 7 
3 2 9 6 1 4 5 8 7 10 
20

Part c:
1

Part d:
1 4 5 7 
1

Part e:
15
